   1            "B"    8   85.192070 118.437469 325.427277
   2        "aa-ng"   45  153.351166 290.713684 395.119843
   3        "vv-nn"   30  278.687927 191.320114 632.286621
   4      "p-ii+s0"   30   61.240746 113.182518  77.953423
   5     "wa-ee+c0"   45  170.389709 107.024590 192.546249
   6        "uu+we"   30   50.900940 116.690666  65.294388
   7     "c0-vv+ng"   45  235.549088 166.514923 179.743576
   8     "ng-c0+ii"   90  113.993683 145.185623 274.396454
   9          "sil"  166  790.948669 6263.086914 1514.871094
  10     "c0-wa+ee"   15   60.128311  81.590721 491.033630
  11         "p+ii"   15   33.893494  30.000025  64.663712
  12     "s0-aa+ng"   15   92.307304 111.307770 137.072083
  13     "uu-hh+ee"   15  252.487122  98.980690  92.333878
  14     "uu-we+ee"   15   53.494438 175.797226 317.624817
  15     "ii-s0+aa"   15  138.009094  89.902077  68.223747
